[array([[-0.19822468, -0.3397909 , -0.15036187, ..., -0.05369635,
         0.17089453, -0.24279192],
       [ 0.0809795 , -0.05504377, -0.07104599, ..., -0.16036746,
         0.03524966,  0.09102383],
       [ 0.16348442,  0.08081514, -0.1504462 , ..., -0.16118091,
        -0.14973153, -0.1844146 ],
       ...,
       [ 0.1181203 ,  0.18188545, -0.1547145 , ...,  0.135653  ,
        -0.03051552, -0.24495332],
       [-0.20947896, -0.06843298, -0.26535502, ..., -0.28579122,
        -0.27716333, -0.03470251],
       [ 0.2204404 , -0.11117868, -0.02762091, ..., -0.05839109,
         0.07452606,  0.06317832]], dtype=float32), array([[[-0.13514602, -0.1364777 , -0.2498998 , ...,  0.23025124,
          0.05333251,  0.09215094],
        [-0.15023644, -0.10539718,  0.00296854, ..., -0.14886527,
         -0.09467036, -0.0737301 ],
        [-0.04844053, -0.0863086 ,  0.05872888, ...,  0.10123561,
          0.23334235,  0.02702036],
        ...,
        [ 0.18574345,  0.1863303 , -0.04287064, ...,  0.20187168,
          0.00494604, -0.15588105],
        [ 0.07952075,  0.19557695,  0.03363762, ..., -0.29460812,
         -0.09200382, -0.01925394],
        [ 0.17177615, -0.12485275, -0.03282585, ...,  0.16883092,
          0.1396134 , -0.10077626]],

       [[ 0.12678032, -0.01251858,  0.09895667, ..., -0.05453254,
         -0.10272491,  0.17020173],
        [-0.05115441,  0.17546782, -0.10285281, ...,  0.04471021,
         -0.05268184, -0.10662764],
        [ 0.14573723, -0.1560784 , -0.0359974 , ...,  0.09049366,
         -0.2485662 , -0.16160779],
        ...,
        [ 0.27834466, -0.12985027, -0.04234226, ..., -0.09269376,
          0.047731  , -0.3123406 ],
        [ 0.13766934, -0.1947814 , -0.06626213, ..., -0.1401353 ,
          0.21281719,  0.01193348],
        [ 0.13009527, -0.29903945,  0.09940711, ...,  0.14604501,
          0.21219149, -0.01074955]]], dtype=float32), array([ 9.5267668e-03, -7.7929236e-03, -9.6795353e-05, -1.8335744e-05,
        4.0818058e-02, -6.0680434e-02, -5.6368699e-03, -3.9893244e-03,
       -2.2662355e-02, -7.1716477e-04, -3.0131897e-02, -6.0223883e-05,
       -4.7624297e-04,  7.6527958e-04,  9.4587363e-02, -8.9969217e-05,
       -1.1460839e-02, -3.1495072e-02, -3.8309023e-04, -4.0051877e-03,
       -6.4583428e-02, -6.6448040e-03, -3.0549162e-03,  4.8959399e-05,
       -5.6056254e-02,  7.1243197e-04, -1.9627512e-03, -2.8541666e-03,
       -9.0831418e-06, -6.2851198e-02, -4.5498870e-03, -4.3427233e-05,
       -6.4918853e-02,  6.2528998e-05,  3.6275553e-05, -3.4388795e-04,
       -7.4205976e-03,  1.5680990e-03, -5.2795682e-02,  4.1644897e-02],
      dtype=float32)]